<!DOCTYPE HTML>
<html lang="en" class="ayu sidebar-visible" dir="ltr">
    <head>
        <!-- Book generated using mdBook -->
        <meta charset="UTF-8">
        <title>Dropdowns - Plotly.rs Book</title>


        <!-- Custom HTML head -->

        <meta name="description" content="Plotly.rs documentation">
        <meta name="viewport" content="width=device-width, initial-scale=1">
        <meta name="theme-color" content="#ffffff">

        <link rel="icon" href="../../favicon.svg">
        <link rel="shortcut icon" href="../../favicon.png">
        <link rel="stylesheet" href="../../css/variables.css">
        <link rel="stylesheet" href="../../css/general.css">
        <link rel="stylesheet" href="../../css/chrome.css">
        <link rel="stylesheet" href="../../css/print.css" media="print">

        <!-- Fonts -->
        <link rel="stylesheet" href="../../FontAwesome/css/font-awesome.css">
        <link rel="stylesheet" href="../../fonts/fonts.css">

        <!-- Highlight.js Stylesheets -->
        <link rel="stylesheet" id="highlight-css" href="../../highlight.css">
        <link rel="stylesheet" id="tomorrow-night-css" href="../../tomorrow-night.css">
        <link rel="stylesheet" id="ayu-highlight-css" href="../../ayu-highlight.css">

        <!-- Custom theme stylesheets -->
        <link rel="stylesheet" href="../../ferris.css">

        <!-- MathJax -->
        <script async src="https://cdnjs.cloudflare.com/ajax/libs/mathjax/2.7.1/MathJax.js?config=TeX-AMS-MML_HTMLorMML"></script>

        <!-- Provide site root and default themes to javascript -->
        <script>
            const path_to_root = "../../";
            const default_light_theme = "ayu";
            const default_dark_theme = "navy";
            window.path_to_searchindex_js = "../../searchindex.js";
        </script>
        <!-- Start loading toc.js asap -->
        <script src="../../toc.js"></script>
    </head>
    <body>
    <div id="mdbook-help-container">
        <div id="mdbook-help-popup">
            <h2 class="mdbook-help-title">Keyboard shortcuts</h2>
            <div>
                <p>Press <kbd>←</kbd> or <kbd>→</kbd> to navigate between chapters</p>
                <p>Press <kbd>S</kbd> or <kbd>/</kbd> to search in the book</p>
                <p>Press <kbd>?</kbd> to show this help</p>
                <p>Press <kbd>Esc</kbd> to hide this help</p>
            </div>
        </div>
    </div>
    <div id="body-container">
        <!-- Work around some values being stored in localStorage wrapped in quotes -->
        <script>
            try {
                let theme = localStorage.getItem('mdbook-theme');
                let sidebar = localStorage.getItem('mdbook-sidebar');

                if (theme.startsWith('"') && theme.endsWith('"')) {
                    localStorage.setItem('mdbook-theme', theme.slice(1, theme.length - 1));
                }

                if (sidebar.startsWith('"') && sidebar.endsWith('"')) {
                    localStorage.setItem('mdbook-sidebar', sidebar.slice(1, sidebar.length - 1));
                }
            } catch (e) { }
        </script>

        <!-- Set the theme before any content is loaded, prevents flash -->
        <script>
            const default_theme = window.matchMedia("(prefers-color-scheme: dark)").matches ? default_dark_theme : default_light_theme;
            let theme;
            try { theme = localStorage.getItem('mdbook-theme'); } catch(e) { }
            if (theme === null || theme === undefined) { theme = default_theme; }
            const html = document.documentElement;
            html.classList.remove('ayu')
            html.classList.add(theme);
            html.classList.add("js");
        </script>

        <input type="checkbox" id="sidebar-toggle-anchor" class="hidden">

        <!-- Hide / unhide sidebar before it is displayed -->
        <script>
            let sidebar = null;
            const sidebar_toggle = document.getElementById("sidebar-toggle-anchor");
            if (document.body.clientWidth >= 1080) {
                try { sidebar = localStorage.getItem('mdbook-sidebar'); } catch(e) { }
                sidebar = sidebar || 'visible';
            } else {
                sidebar = 'hidden';
                sidebar_toggle.checked = false;
            }
            if (sidebar === 'visible') {
                sidebar_toggle.checked = true;
            } else {
                html.classList.remove('sidebar-visible');
            }
        </script>

        <nav id="sidebar" class="sidebar" aria-label="Table of contents">
            <!-- populated by js -->
            <mdbook-sidebar-scrollbox class="sidebar-scrollbox"></mdbook-sidebar-scrollbox>
            <noscript>
                <iframe class="sidebar-iframe-outer" src="../../toc.html"></iframe>
            </noscript>
            <div id="sidebar-resize-handle" class="sidebar-resize-handle">
                <div class="sidebar-resize-indicator"></div>
            </div>
        </nav>

        <div id="page-wrapper" class="page-wrapper">

            <div class="page">
                <script src="https://cdn.plot.ly/plotly-3.0.1.min.js"></script>                <div id="menu-bar-hover-placeholder"></div>
                <div id="menu-bar" class="menu-bar sticky">
                    <div class="left-buttons">
                        <label id="sidebar-toggle" class="icon-button" for="sidebar-toggle-anchor" title="Toggle Table of Contents" aria-label="Toggle Table of Contents" aria-controls="sidebar">
                            <i class="fa fa-bars"></i>
                        </label>
                        <button id="theme-toggle" class="icon-button" type="button" title="Change theme" aria-label="Change theme" aria-haspopup="true" aria-expanded="false" aria-controls="theme-list">
                            <i class="fa fa-paint-brush"></i>
                        </button>
                        <ul id="theme-list" class="theme-popup" aria-label="Themes" role="menu">
                            <li role="none"><button role="menuitem" class="theme" id="default_theme">Auto</button></li>
                            <li role="none"><button role="menuitem" class="theme" id="light">Light</button></li>
                            <li role="none"><button role="menuitem" class="theme" id="rust">Rust</button></li>
                            <li role="none"><button role="menuitem" class="theme" id="coal">Coal</button></li>
                            <li role="none"><button role="menuitem" class="theme" id="navy">Navy</button></li>
                            <li role="none"><button role="menuitem" class="theme" id="ayu">Ayu</button></li>
                        </ul>
                        <button id="search-toggle" class="icon-button" type="button" title="Search (`/`)" aria-label="Toggle Searchbar" aria-expanded="false" aria-keyshortcuts="/ s" aria-controls="searchbar">
                            <i class="fa fa-search"></i>
                        </button>
                    </div>

                    <h1 class="menu-title">Plotly.rs Book</h1>

                    <div class="right-buttons">
                        <a href="../../print.html" title="Print this book" aria-label="Print this book">
                            <i id="print-button" class="fa fa-print"></i>
                        </a>

                    </div>
                </div>

                <div id="search-wrapper" class="hidden">
                    <form id="searchbar-outer" class="searchbar-outer">
                        <div class="search-wrapper">
                            <input type="search" id="searchbar" name="searchbar" placeholder="Search this book ..." aria-controls="searchresults-outer" aria-describedby="searchresults-header">
                            <div class="spinner-wrapper">
                                <i class="fa fa-spinner fa-spin"></i>
                            </div>
                        </div>
                    </form>
                    <div id="searchresults-outer" class="searchresults-outer hidden">
                        <div id="searchresults-header" class="searchresults-header"></div>
                        <ul id="searchresults">
                        </ul>
                    </div>
                </div>

                <!-- Apply ARIA attributes after the sidebar and the sidebar toggle button are added to the DOM -->
                <script>
                    document.getElementById('sidebar-toggle').setAttribute('aria-expanded', sidebar === 'visible');
                    document.getElementById('sidebar').setAttribute('aria-hidden', sidebar !== 'visible');
                    Array.from(document.querySelectorAll('#sidebar a')).forEach(function(link) {
                        link.setAttribute('tabIndex', sidebar === 'visible' ? 0 : -1);
                    });
                </script>

                <div id="content" class="content">
                    <main>
                        <h1 id="dropdown-menus"><a class="header" href="#dropdown-menus">Dropdown Menus</a></h1>
<p>Dropdown menus, implemented as an <code>UpdateMenu</code> in Plotly.rs, allow users to modify a plot's data or layout attributes by selecting an option from a list.</p>
<h2 id="dropdown-for-selecting-data"><a class="header" href="#dropdown-for-selecting-data">Dropdown for Selecting Data</a></h2>
<p>You can use a dropdown menu to switch between different sets of data. In this example, we show two different bar charts and use a dropdown to select which one is visible.</p>
<pre><pre class="playground"><code class="language-rust no_run"><span class="boring">#![allow(unused)]
</span><span class="boring">fn main() {
</span>/// Display a bar chart with an associated dropdown selector to show different
/// data.
fn bar_plot_with_dropdown_for_different_data(show: bool, file_name: &amp;str) {
    type BarType = Bar&lt;&amp;'static str, i32&gt;;
    let mut plot = Plot::new();
    plot.add_trace(
        BarType::new(vec!["Giraffes", "Orangutans", "Monkeys"], vec![20, 14, 23]).name("Animals"),
    );
    plot.add_trace(
        BarType::new(
            vec!["Little Grebes", "Nuthatches", "Firecrests", "Goldfinches"],
            vec![8, 23, 17, 2],
        )
        .name("Birds")
        .visible(Visible::False),
    );
    let buttons = vec![
        ButtonBuilder::new()
            .label("Animals")
            .push_restyle(BarType::modify_visible(vec![Visible::True, Visible::False]))
            .build()
            .unwrap(),
        ButtonBuilder::new()
            .label("Birds")
            .push_restyle(BarType::modify_visible(vec![Visible::False, Visible::True]))
            .build()
            .unwrap(),
    ];
    plot.set_layout(Layout::new().update_menus(vec![UpdateMenu::new().y(0.8).buttons(buttons)]));

    let path = write_example_to_html(&amp;plot, file_name);
    if show {
        plot.show_html(path);
    }
}
<span class="boring">}</span></code></pre></pre>
<div id="bar_plot" class="plotly-graph-div" style="height:100%; width:100%;"></div>
<script type="text/javascript">
    Plotly.newPlot("bar_plot", {"data":[{"type":"bar","x":["Giraffes","Orangutans","Monkeys"],"y":[20,14,23],"name":"Animals"},{"type":"bar","x":["Little Grebes","Nuthatches","Firecrests","Goldfinches"],"y":[8,23,17,2],"name":"Birds","visible":false}],"layout":{"updatemenus":[{"buttons":[{"args":[{"visible":[true,false]}],"label":"Animals","method":"restyle"},{"args":[{"visible":[false,true]}],"label":"Birds","method":"restyle"}],"y":0.8}]},"config":{},"frames":null});
</script>
<h2 id="dropdown-for-modifying-layout"><a class="header" href="#dropdown-for-modifying-layout">Dropdown for Modifying Layout</a></h2>
<p>Update menus can also modify layout attributes. Here, we use buttons (a variation of a dropdown) to change the <code>bar_mode</code> of a bar chart, toggling between grouped and stacked bars.</p>
<pre><pre class="playground"><code class="language-rust no_run"><span class="boring">#![allow(unused)]
</span><span class="boring">fn main() {
</span>/// Display a bar chart, with buttons to toggle between stacked or grouped
/// display modes.
fn bar_chart_with_modifiable_bar_mode(show: bool, file_name: &amp;str) {
    type BarType = Bar&lt;&amp;'static str, i32&gt;;
    let mut plot = Plot::new();
    plot.add_trace(
        BarType::new(vec!["giraffes", "orangutans", "monkeys"], vec![20, 14, 23]).name("Africa"),
    );
    plot.add_trace(
        BarType::new(vec!["giraffes", "orangutans", "monkeys"], vec![30, 8, 15]).name("Australia"),
    );
    let buttons = vec![("Group", BarMode::Group), ("Stack", BarMode::Stack)]
        .into_iter()
        .map(|(label, bar_mode)| {
            ButtonBuilder::new()
                .label(label)
                .push_relayout(Layout::modify_bar_mode(bar_mode))
                .build()
                .unwrap()
        })
        .collect_vec();

    plot.set_layout(Layout::new().update_menus(vec![UpdateMenu::new()
            .x(0.1)
            .x_anchor(Anchor::Left)
            .y(1.2)
            .y_anchor(Anchor::Top)
            .ty(UpdateMenuType::Buttons)
            .direction(UpdateMenuDirection::Right)
            .buttons(buttons)]));

    let path = write_example_to_html(&amp;plot, file_name);
    if show {
        plot.show_html(path);
    }
}
<span class="boring">}</span></code></pre></pre>
<div id="bar_chart" class="plotly-graph-div" style="height:100%; width:100%;"></div>
<script type="text/javascript">
    Plotly.newPlot("bar_chart", {"data":[{"type":"bar","x":["giraffes","orangutans","monkeys"],"y":[20,14,23],"name":"Africa"},{"type":"bar","x":["giraffes","orangutans","monkeys"],"y":[30,8,15],"name":"Australia"}],"layout":{"updatemenus":[{"buttons":[{"args":[{"barmode":"group"}],"label":"Group","method":"relayout"},{"args":[{"barmode":"stack"}],"label":"Stack","method":"relayout"}],"direction":"right","type":"buttons","x":0.1,"xanchor":"left","y":1.2,"yanchor":"top"}]},"config":{},"frames":null});
</script>
<h2 id="dropdown-for-modifying-colorscales"><a class="header" href="#dropdown-for-modifying-colorscales">Dropdown for Modifying Colorscales</a></h2>
<p>You can dynamically change the colorscale of a heatmap or contour plot.</p>
<pre><pre class="playground"><code class="language-rust no_run"><span class="boring">#![allow(unused)]
</span><span class="boring">fn main() {
</span>/// Display a heat map, with buttons to allow for toggling of different
/// colorscales.
fn heat_map_with_modifiable_colorscale(show: bool, file_name: &amp;str) {
    type HeatMapType = HeatMap&lt;f64, f64, Vec&lt;f64&gt;&gt;;
    let gauss = |v: i32| (-v as f64 * v as f64 / 200.0).exp();
    let z = (-30..30)
        .map(|x| (-30..30).map(|y| gauss(x) * gauss(y)).collect_vec())
        .collect_vec();
    let trace = HeatMapType::new_z(z).color_scale(ColorScalePalette::Viridis.into());
    let mut plot = Plot::new();
    plot.add_trace(trace);

    let buttons = IntoIterator::into_iter([
        ("Viridis", ColorScalePalette::Viridis),
        ("Portland", ColorScalePalette::Portland),
        ("Blackbody", ColorScalePalette::Blackbody),
    ])
    .map(|(label, palette)| {
        ButtonBuilder::new()
            .label(label)
            .push_restyle(HeatMapType::modify_all_color_scale(palette.into()))
            .build()
            .unwrap()
    })
    .collect_vec();

    plot.set_layout(Layout::new().update_menus(vec![UpdateMenu::new()
            .ty(UpdateMenuType::Buttons)
            .y(0.8)
            .buttons(buttons)]));

    let path = write_example_to_html(&amp;plot, file_name);
    if show {
        plot.show_html(path);
    }
}
<span class="boring">}</span></code></pre></pre>
<div id="heat_map" class="plotly-graph-div" style="height:100%; width:100%;"></div>
<script type="text/javascript">
    Plotly.newPlot("heat_map", {"data":[{"type":"heatmap","colorscale":"Viridis","z":[[0.00012340980408667953,0.00016575496078912868,0.00022041465283014714,0.0002901826516411861,0.00037823305678262576,0.000488095243523415,0.0006236008859994444,0.0007887982288902976,0.0009878299405312295,0.001224772703946922,0.0015034391929775726,0.0018271461687448982,0.002198455963042531,0.0026189023483632937,0.0030887154082367696,0.0036065631360157305,0.004169329697904114,0.004771951205339612,0.005407329126440958,0.006066338915163184,0.006737946999085467,0.0074094430829146855,0.008066787139099616,0.008695062005795456,0.00927901388706474,0.009803655035821828,0.010254896296404022,0.01062017271625227,0.010889023668554446,0.011053590186859403,0.011108996538242306,0.011053590186859403,0.010889023668554446,0.01062017271625227,0.010254896296404022,0.009803655035821828,0.00927901388706474,0.008695062005795456,0.008066787139099616,0.0074094430829146855,0.006737946999085467,0.006066338915163184,0.005407329126440958,0.004771951205339612,0.004169329697904114,0.0036065631360157305,0.0030887154082367696,0.0026189023483632937,0.002198455963042531,0.0018271461687448982,0.0015034391929775726,0.001224772703946922,0.0009878299405312295,0.0007887982288902976,0.0006236008859994444,0.000488095243523415,0.00037823305678262576,0.0002901826516411861,0.00022041465283014714,0.00016575496078912868],[0.00016575496078912868,0.00022262985691888897,0.0002960447300568554,0.00038975196825275464,0.0005080147882912279,0.0006555735871256959,0.0008375747872859697,0.0010594556929076097,0.0013267804310269915,0.0016450245020705747,0.0020193088087702015,0.0024540881804139165,0.0029528041523734466,0.0035175167749121293,0.004148535079283249,0.004844070012248967,0.005599936615308506,0.006409333446256381,0.00726272627981489,0.008147859697679985,0.009049914217902789,0.009951818307848422,0.010834714436436155,0.011678566970395444,0.012462888134332658,0.013167547490079753,0.01377362152129452,0.014264233908999256,0.014625334709594215,0.01484636833808683,0.014920786069067842,0.01484636833808683,0.014625334709594215,0.014264233908999256,0.01377362152129452,0.013167547490079753,0.012462888134332658,0.011678566970395444,0.010834714436436155,0.009951818307848422,0.009049914217902789,0.008147859697679985,0.00726272627981489,0.006409333446256381,0.005599936615308506,0.004844070012248967,0.004148535079283249,0.0035175167749121293,0.0029528041523734466,0.0024540881804139165,0.0020193088087702015,0.0016450245020705747,0.0013267804310269915,0.0010594556929076097,0.0008375747872859697,0.0006555735871256959,0.0005080147882912279,0.00038975196825275464,0.0002960447300568554,0.00022262985691888897],[0.00022041465283014714,0.0002960447300568554,0.00039366904065507824,0.0005182773677681193,0.0006755387751938443,0.0008717568627991352,0.0011137751478448032,0.0014088239509056646,0.0017643022368343355,0.002187491118182885,0.0026852001769538205,0.003263353275976147,0.003926526838305624,0.004677460240558459,0.005516564420760772,0.006441460363850599,0.007446583070924342,0.008522888242400682,0.009657697627537775,0.010834714436436157,0.012034232284723775,0.013233550096540932,0.014407591843112355,0.015529714900105502,0.016572675401761248,0.017509704655794274,0.018315638888734182,0.018968036612429948,0.01944821474538539,0.01974213687149278,0.019841094744370288,0.01974213687149278,0.01944821474538539,0.018968036612429948,0.018315638888734182,0.017509704655794274,0.016572675401761248,0.015529714900105502,0.014407591843112355,0.013233550096540932,0.012034232284723775,0.010834714436436157,0.009657697627537775,0.008522888242400682,0.007446583070924342,0.006441460363850599,0.005516564420760772,0.004677460240558459,0.003926526838305624,0.003263353275976147,0.0026852001769538205,0.002187491118182885,0.0017643022368343355,0.0014088239509056646,0.0011137751478448032,0.0008717568627991352,0.0006755387751938443,0.0005182773677681193,0.00039366904065507824,0.0002960447300568554],[0.0002901826516411861,0.00038975196825275464,0.0005182773677681193,0.0006823280527563766,0.0008893675196051983,0.001147694650901426,0.0014663191470429037,0.0018547599468555034,0.002322758014529962,0.0028798991580882417,0.00353514840111967,0.004296304690752341,0.005169393028320331,0.0061580198871688955,0.00726272627981489,0.008480380159953265,0.00980365503582183,0.011220643809589086,0.012714655175249735,0.014264233908999254,0.015843435951321108,0.01742237463949351,0.018968036612429948,0.020445346037937656,0.021818435531042766,0.02305206328722557,0.024113100426816865,0.024972002042276155,0.025604171283712656,0.025991128778755344,0.026121409853918233,0.025991128778755344,0.025604171283712656,0.024972002042276155,0.024113100426816865,0.02305206328722557,0.021818435531042766,0.020445346037937656,0.018968036612429948,0.01742237463949351,0.015843435951321108,0.014264233908999254,0.012714655175249735,0.011220643809589086,0.00980365503582183,0.008480380159953265,0.00726272627981489,0.0061580198871688955,0.005169393028320331,0.004296304690752341,0.00353514840111967,0.0028798991580882417,0.002322758014529962,0.0018547599468555034,0.0014663191470429037,0.001147694650901426,0.0008893675196051983,0.0006823280527563766,0.0005182773677681193,0.00038975196825275464],[0.00037823305678262576,0.0005080147882912279,0.0006755387751938443,0.0008893675196051983,0.0011592291739045914,0.0014959407587200602,0.0019112457966326377,0.0024175515673645043,0.0030275547453758153,0.00375374976977026,0.004607821929992753,0.005599936615308507,0.006737946999085467,0.008026553870395156,0.009466462401710325,0.011053590186859403,0.012778387649535768,0.014625334709594217,0.01657267540176125,0.018592444322737794,0.020650825181712566,0.022708862776731335,0.024723526470339395,0.02664909733635549,0.028438824714184508,0.03004677334417314,0.03142976201836771,0.03254928098910343,0.03337326996032608,0.03387764234567432,0.034047454734599344,0.03387764234567432,0.03337326996032608,0.03254928098910343,0.03142976201836771,0.03004677334417314,0.028438824714184508,0.02664909733635549,0.024723526470339395,0.022708862776731335,0.020650825181712566,0.018592444322737794,0.01657267540176125,0.014625334709594217,0.012778387649535768,0.011053590186859403,0.009466462401710325,0.008026553870395156,0.006737946999085467,0.005599936615308507,0.004607821929992753,0.00375374976977026,0.0030275547453758153,0.0024175515673645043,0.0019112457966326377,0.0014959407587200602,0.0011592291739045914,0.0008893675196051983,0.0006755387751938443,0.0005080147882912279],[0.000488095243523415,0.0006555735871256959,0.0008717568627991352,0.001147694650901426,0.0014959407587200602,0.0019304541362277095,0.002466389348609051,0.003119757514164994,0.0039069432039990845,0.004844070012248967,0.005946217356472095,0.007226503281376461,0.008695062005795456,0.0103579597176137,0.012216106414843376,0.014264233908999257,0.016490018838362045,0.01887343313515149,0.021386401561157096,0.023992835836709178,0.02664909733635549,0.029304915867040756,0.031904762042607976,0.034389637343472716,0.03669921183638654,0.038774207831722016,0.040558901637871986,0.04200359790344555,0.04306692404683092,0.04371779725275094,0.04393693362340742,0.04371779725275094,0.04306692404683092,0.04200359790344555,0.040558901637871986,0.038774207831722016,0.03669921183638654,0.034389637343472716,0.031904762042607976,0.029304915867040756,0.02664909733635549,0.023992835836709178,0.021386401561157096,0.01887343313515149,0.016490018838362045,0.014264233908999257,0.012216106414843376,0.0103579597176137,0.008695062005795456,0.007226503281376461,0.005946217356472095,0.004844070012248967,0.0039069432039990845,0.003119757514164994,0.002466389348609051,0.0019304541362277095,0.0014959407587200602,0.001147694650901426,0.0008717568627991352,0.0006555735871256959],[0.0006236008859994444,0.0008375747872859697,0.0011137751478448032,0.0014663191470429037,0.0019112457966326377,0.002466389348609051,0.003151111598444441,0.003985868692128292,0.004991593906910217,0.006188887090305937,0.007597014027577568,0.009232734612231615,0.011108996538242306,0.013233550096540932,0.015607557919982834,0.018224289258677303,0.021067999523041434,0.02411310042681687,0.027323722447292566,0.030653758429205643,0.034047454734599344,0.03744058509340733,0.04076220397836622,0.04393693362340742,0.04688769521998849,0.04953875432844388,0.05181891717272583,0.05366469191273013,0.05502322005640723,0.05585478953648464,0.056134762834133725,0.05585478953648464,0.05502322005640723,0.05366469191273013,0.05181891717272583,0.04953875432844388,0.04688769521998849,0.04393693362340742,0.04076220397836622,0.03744058509340733,0.034047454734599344,0.030653758429205643,0.027323722447292566,0.02411310042681687,0.021067999523041434,0.018224289258677303,0.015607557919982834,0.013233550096540932,0.011108996538242306,0.009232734612231615,0.007597014027577568,0.006188887090305937,0.004991593906910217,0.003985868692128292,0.003151111598444441,0.002466389348609051,0.0019112457966326377,0.0014663191470429037,0.0011137751478448032,0.0008375747872859697],[0.0007887982288902976,0.0010594556929076097,0.0014088239509056646,0.0018547599468555034,0.0024175515673645043,0.003119757514164994,0.003985868692128292,0.00504176025969098,0.0063139109028044075,0.007828377549225772,0.009609529659669647,0.011678566970395446,0.014051867133046032,0.01673923355858063,0.01974213687149278,0.02305206328722557,0.02664909733635549,0.03050087217121749,0.034562016118004114,0.03877420783172201,0.04306692404683092,0.04735892439114092,0.0515604692451142,0.05557621261148307,0.059308656829438734,0.06266200474215317,0.06554620271802433,0.06788093937176144,0.06959935353326903,0.0706512130604296,0.07100535373963698,0.0706512130604296,0.06959935353326903,0.06788093937176144,0.06554620271802433,0.06266200474215317,0.059308656829438734,0.05557621261148307,0.0515604692451142,0.04735892439114092,0.04306692404683092,0.03877420783172201,0.034562016118004114,0.03050087217121749,0.02664909733635549,0.02305206328722557,0.01974213687149278,0.01673923355858063,0.014051867133046032,0.011678566970395446,0.009609529659669647,0.007828377549225772,0.0063139109028044075,0.00504176025969098,0.003985868692128292,0.003119757514164994,0.0024175515673645043,0.0018547599468555034,0.0014088239509056646,0.0010594556929076097],[0.0009878299405312295,0.0013267804310269915,0.0017643022368343355,0.002322758014529962,0.0030275547453758153,0.0039069432039990845,0.004991593906910217,0.0063139109028044075,0.007907054051593441,0.009803655035821828,0.012034232284723776,0.014625334709594219,0.017597472415623393,0.020962922437051702,0.024723526470339395,0.028868622509685086,0.03337326996032609,0.03819693508367993,0.04328279790196591,0.04855782127000997,0.05393368730035602,0.05930865682943874,0.0645703468931685,0.06959935353326903,0.07427357821433389,0.07847305198072073,0.0820849986238988,0.08500884237169956,0.0871608514619813,0.08847811904208731,0.08892161745938634,0.08847811904208731,0.0871608514619813,0.08500884237169956,0.0820849986238988,0.07847305198072073,0.07427357821433389,0.06959935353326903,0.0645703468931685,0.05930865682943874,0.05393368730035602,0.04855782127000997,0.04328279790196591,0.03819693508367993,0.03337326996032609,0.028868622509685086,0.024723526470339395,0.020962922437051702,0.017597472415623393,0.014625334709594219,0.012034232284723776,0.009803655035821828,0.007907054051593441,0.0063139109028044075,0.004991593906910217,0.0039069432039990845,0.0030275547453758153,0.002322758014529962,0.0017643022368343355,0.0013267804310269915],[0.001224772703946922,0.0016450245020705747,0.002187491118182885,0.0028798991580882417,0.00375374976977026,0.004844070012248967,0.006188887090305937,0.007828377549225772,0.009803655035821828,0.012155178329914935,0.014920786069067844,0.018133395236801072,0.021818435531042762,0.02599112877875534,0.03065375842920564,0.0357931050676553,0.04137824580097038,0.047358924391140915,0.05366469191273012,0.060204992392373535,0.0668703238465938,0.07353454376305708,0.08005831278672054,0.0862935864993705,0.09208897957928117,0.09729574708953277,0.10177406210628373,0.10539922456186433,0.10806741863482926,0.1097006485155114,0.11025052530448522,0.1097006485155114,0.10806741863482926,0.10539922456186433,0.10177406210628373,0.09729574708953277,0.09208897957928117,0.0862935864993705,0.08005831278672054,0.07353454376305708,0.0668703238465938,0.060204992392373535,0.05366469191273012,0.047358924391140915,0.04137824580097038,0.0357931050676553,0.03065375842920564,0.02599112877875534,0.021818435531042762,0.018133395236801072,0.014920786069067844,0.012155178329914935,0.009803655035821828,0.007828377549225772,0.006188887090305937,0.004844070012248967,0.00375374976977026,0.0028798991580882417,0.002187491118182885,0.0016450245020705747],[0.0015034391929775726,0.0020193088087702015,0.0026852001769538205,0.00353514840111967,0.004607821929992753,0.005946217356472095,0.007597014027577568,0.009609529659669647,0.012034232284723776,0.014920786069067844,0.018315638888734182,0.022259197166057215,0.026782676492638175,0.03190476204260797,0.037628256807176214,0.04393693362340742,0.05079283386489851,0.058134266739821486,0.06587475442640298,0.07390313719755595,0.0820849986238988,0.0902654956097843,0.09827358560436154,0.10592754037354539,0.11304153064044986,0.11943296826671963,0.12493021219858243,0.12938018997737108,0.13265546508012172,0.13466029569550586,0.1353352832366127,0.13466029569550586,0.13265546508012172,0.12938018997737108,0.12493021219858243,0.11943296826671963,0.11304153064044986,0.10592754037354539,0.09827358560436154,0.0902654956097843,0.0820849986238988,0.07390313719755595,0.06587475442640298,0.058134266739821486,0.05079283386489851,0.04393693362340742,0.037628256807176214,0.03190476204260797,0.026782676492638175,0.022259197166057215,0.018315638888734182,0.014920786069067844,0.012034232284723776,0.009609529659669647,0.007597014027577568,0.005946217356472095,0.004607821929992753,0.00353514840111967,0.0026852001769538205,0.0020193088087702015],[0.0018271461687448982,0.0024540881804139165,0.003263353275976147,0.004296304690752341,0.005599936615308507,0.007226503281376461,0.009232734612231615,0.011678566970395446,0.014625334709594219,0.018133395236801072,0.022259197166057215,0.027051846866350412,0.032549280989103424,0.03877420783172201,0.04573003390021825,0.05339703814519709,0.061729089030958806,0.07065121306042958,0.08005831278672054,0.08981529457224764,0.09975880065361864,0.1097006485155114,0.11943296826671962,0.1287349035878042,0.13738061411695424,0.14514819848362373,0.1518290594294306,0.15723716631362764,0.16121764412977677,0.16365413680270408,0.1644744565771549,0.16365413680270408,0.16121764412977677,0.15723716631362764,0.1518290594294306,0.14514819848362373,0.13738061411695424,0.1287349035878042,0.11943296826671962,0.1097006485155114,0.09975880065361864,0.08981529457224764,0.08005831278672054,0.07065121306042958,0.061729089030958806,0.05339703814519709,0.04573003390021825,0.03877420783172201,0.032549280989103424,0.027051846866350412,0.022259197166057215,0.018133395236801072,0.014625334709594219,0.011678566970395446,0.009232734612231615,0.007226503281376461,0.005599936615308507,0.004296304690752341,0.003263353275976147,0.0024540881804139165],[0.002198455963042531,0.0029528041523734466,0.003926526838305624,0.005169393028320331,0.006737946999085467,0.008695062005795456,0.011108996538242306,0.014051867133046032,0.017597472415623393,0.021818435531042762,0.026782676492638175,0.032549280989103424,0.039163895098987066,0.04665384186447162,0.055023220056407224,0.06424830094450308,0.07427357821433388,0.08500884237169953,0.096327638230493,0.10806741863482926,0.12003162851145673,0.1319938431878302,0.1437039497777029,0.15489620988490702,0.1652988882215865,0.17464498896681085,0.1826835240527346,0.189190657981982,0.19398004229089186,0.19691167520419403,0.19789869908361465,0.19691167520419403,0.19398004229089186,0.189190657981982,0.1826835240527346,0.17464498896681085,0.1652988882215865,0.15489620988490702,0.1437039497777029,0.1319938431878302,0.12003162851145673,0.10806741863482926,0.096327638230493,0.08500884237169953,0.07427357821433388,0.06424830094450308,0.055023220056407224,0.04665384186447162,0.039163895098987066,0.032549280989103424,0.026782676492638175,0.021818435531042762,0.017597472415623393,0.014051867133046032,0.011108996538242306,0.008695062005795456,0.006737946999085467,0.005169393028320331,0.003926526838305624,0.0029528041523734466],[0.0026189023483632937,0.0035175167749121293,0.004677460240558459,0.0061580198871688955,0.008026553870395156,0.0103579597176137,0.013233550096540932,0.01673923355858063,0.020962922437051702,0.02599112877875534,0.03190476204260797,0.03877420783172201,0.04665384186447162,0.055576212611483065,0.06554620271802433,0.0765355454239115,0.0884781190420873,0.1012664618538834,0.11474993459727877,0.1287349035878042,0.14298722333809288,0.1572371663136276,0.17118678648494093,0.18451952399298926,0.19691167520419403,0.20804518235702046,0.21762105686523286,0.22537265553943872,0.23107799147733019,0.23457028809379765,0.23574607655586352,0.23457028809379765,0.23107799147733019,0.22537265553943872,0.21762105686523286,0.20804518235702046,0.19691167520419403,0.18451952399298926,0.17118678648494093,0.1572371663136276,0.14298722333809288,0.1287349035878042,0.11474993459727877,0.1012664618538834,0.0884781190420873,0.0765355454239115,0.06554620271802433,0.055576212611483065,0.04665384186447162,0.03877420783172201,0.03190476204260797,0.02599112877875534,0.020962922437051702,0.01673923355858063,0.013233550096540932,0.0103579597176137,0.008026553870395156,0.0061580198871688955,0.004677460240558459,0.0035175167749121293],[0.0030887154082367696,0.004148535079283249,0.005516564420760772,0.00726272627981489,0.009466462401710325,0.012216106414843376,0.015607557919982834,0.01974213687149278,0.024723526470339395,0.03065375842920564,0.037628256807176214,0.04573003390021825,0.055023220056407224,0.06554620271802433,0.07730474044329975,0.0902654956097843,0.10435048475476502,0.11943296826671962,0.1353352832366127,0.1518290594294306,0.16863814726859552,0.18544443195597088,0.2018965179946554,0.21762105686523286,0.23223627472975883,0.24536705645292636,0.2566607769535559,0.2658029590889266,0.2725317930340126,0.27665058363197337,0.27803730045319414,0.27665058363197337,0.2725317930340126,0.2658029590889266,0.2566607769535559,0.24536705645292636,0.23223627472975883,0.21762105686523286,0.2018965179946554,0.18544443195597088,0.16863814726859552,0.1518290594294306,0.1353352832366127,0.11943296826671962,0.10435048475476502,0.0902654956097843,0.07730474044329975,0.06554620271802433,0.055023220056407224,0.04573003390021825,0.037628256807176214,0.03065375842920564,0.024723526470339395,0.01974213687149278,0.015607557919982834,0.012216106414843376,0.009466462401710325,0.00726272627981489,0.005516564420760772,0.004148535079283249],[0.0036065631360157305,0.004844070012248967,0.006441460363850599,0.008480380159953265,0.011053590186859403,0.014264233908999257,0.018224289258677303,0.02305206328722557,0.028868622509685086,0.0357931050676553,0.04393693362340742,0.05339703814519709,0.06424830094450308,0.0765355454239115,0.0902654956097843,0.10539922456186435,0.12184567426908037,0.13945685621505094,0.1580253208896478,0.1772844099698778,0.19691167520419406,0.21653566731600707,0.23574607655586355,0.2541069595528003,0.27117253504559985,0.28650479686019015,0.2996919995132463,0.31036694126548503,0.3182239177904191,0.32303325642225295,0.32465246735834974,0.32303325642225295,0.3182239177904191,0.31036694126548503,0.2996919995132463,0.28650479686019015,0.27117253504559985,0.2541069595528003,0.23574607655586355,0.21653566731600707,0.19691167520419406,0.1772844099698778,0.1580253208896478,0.13945685621505094,0.12184567426908037,0.10539922456186435,0.0902654956097843,0.0765355454239115,0.06424830094450308,0.05339703814519709,0.04393693362340742,0.0357931050676553,0.028868622509685086,0.02305206328722557,0.018224289258677303,0.014264233908999257,0.011053590186859403,0.008480380159953265,0.006441460363850599,0.004844070012248967],[0.004169329697904114,0.005599936615308506,0.007446583070924342,0.00980365503582183,0.012778387649535768,0.016490018838362045,0.021067999523041434,0.02664909733635549,0.03337326996032609,0.04137824580097038,0.05079283386489851,0.061729089030958806,0.07427357821433388,0.0884781190420873,0.10435048475476502,0.12184567426908037,0.14085842092104503,0.16121764412977677,0.18268352405273466,0.2049477931167973,0.22763768838381276,0.2503237997916961,0.27253179303401265,0.2937577003235328,0.3134861808826053,0.33121088224198103,0.34645581033005746,0.35879646540595167,0.36787944117144233,0.37343922693666093,0.37531109885139957,0.37343922693666093,0.36787944117144233,0.35879646540595167,0.34645581033005746,0.33121088224198103,0.3134861808826053,0.2937577003235328,0.27253179303401265,0.2503237997916961,0.22763768838381276,0.2049477931167973,0.18268352405273466,0.16121764412977677,0.14085842092104503,0.12184567426908037,0.10435048475476502,0.0884781190420873,0.07427357821433388,0.061729089030958806,0.05079283386489851,0.04137824580097038,0.03337326996032609,0.02664909733635549,0.021067999523041434,0.016490018838362045,0.012778387649535768,0.00980365503582183,0.007446583070924342,0.005599936615308506],[0.004771951205339612,0.006409333446256381,0.008522888242400682,0.011220643809589086,0.014625334709594217,0.01887343313515149,0.02411310042681687,0.03050087217121749,0.03819693508367993,0.047358924391140915,0.058134266739821486,0.07065121306042958,0.08500884237169953,0.1012664618538834,0.11943296826671962,0.13945685621505094,0.16121764412977677,0.18451952399298926,0.20908801317328293,0.23457028809379765,0.2605397078599756,0.2865047968601901,0.31192266203264674,0.33621649370673334,0.35879646540595156,0.37908303810339883,0.39653141907499284,0.4106557527523455,0.42105155262732114,0.42741493194872665,0.42955735821073915,0.42741493194872665,0.42105155262732114,0.4106557527523455,0.39653141907499284,0.37908303810339883,0.35879646540595156,0.33621649370673334,0.31192266203264674,0.2865047968601901,0.2605397078599756,0.23457028809379765,0.20908801317328293,0.18451952399298926,0.16121764412977677,0.13945685621505094,0.11943296826671962,0.1012664618538834,0.08500884237169953,0.07065121306042958,0.058134266739821486,0.047358924391140915,0.03819693508367993,0.03050087217121749,0.02411310042681687,0.01887343313515149,0.014625334709594217,0.011220643809589086,0.008522888242400682,0.006409333446256381],[0.005407329126440958,0.00726272627981489,0.009657697627537775,0.012714655175249735,0.01657267540176125,0.021386401561157096,0.027323722447292566,0.034562016118004114,0.04328279790196591,0.05366469191273012,0.06587475442640298,0.08005831278672054,0.096327638230493,0.11474993459727877,0.1353352832366127,0.1580253208896478,0.18268352405273466,0.20908801317328293,0.2369277586821218,0.2658029590889266,0.2952301669240142,0.32465246735834974,0.35345468195878016,0.38098319973933725,0.4065696597405991,0.4295573582107392,0.4493289641172216,0.46533393097431347,0.4771139155210344,0.4843245689553625,0.4867522559599717,0.4843245689553625,0.4771139155210344,0.46533393097431347,0.4493289641172216,0.4295573582107392,0.4065696597405991,0.38098319973933725,0.35345468195878016,0.32465246735834974,0.2952301669240142,0.2658029590889266,0.2369277586821218,0.20908801317328293,0.18268352405273466,0.1580253208896478,0.1353352832366127,0.11474993459727877,0.096327638230493,0.08005831278672054,0.06587475442640298,0.05366469191273012,0.04328279790196591,0.034562016118004114,0.027323722447292566,0.021386401561157096,0.01657267540176125,0.012714655175249735,0.009657697627537775,0.00726272627981489],[0.006066338915163184,0.008147859697679985,0.010834714436436157,0.014264233908999254,0.018592444322737794,0.023992835836709178,0.030653758429205643,0.03877420783172201,0.04855782127000997,0.060204992392373535,0.07390313719755595,0.08981529457224764,0.10806741863482926,0.1287349035878042,0.1518290594294306,0.1772844099698778,0.2049477931167973,0.23457028809379765,0.2658029590889266,0.2981972794298874,0.331210882241981,0.36421897957152327,0.39653141907499284,0.42741493194872665,0.4561197017856392,0.48190899009020244,0.5040902295748255,